1 3 4
0 2 4 5
1 5 6
0 4 7
0 1 3 5 7 8
1 2 4 6 8 9
2 5 9
3 4 8
4 5 9
5 6 8 10
9

0 5 -999 4 4 -999 -999 -999 -999 -999 -999
5 0 10 -999 2 3 -999 -999 -999 -999 -999
-999 10 0 -999 -999 6 1 -999 -999 -999 -999
4 -999 -999 0 5 -999 -999 6 -999 -999 -999
4 2 -999 5 0 11 -999 2 1 -999 -999
-999 3 6 -999 11 0 2 -999 3 11 -999
-999 -999 1 -999 -999 2 0 -999 -999 8 -999
-999 -999 -999 6 2 -999 -999 0 4 -999 -999
-999 -999 -999 -999 1 3 -999 4 0 7 -999
-999 -999 -999 -999 -999 11 8 -999 7 0 1
-999 -999 -999 -999 -999 -999 -999 -999 -999 1 0

4